blur
0.11111111 0.11111111 0.11111111
0.11111111 0.11111111 0.11111111
0.11111111 0.11111111 0.11111111

rozmycie
0.11111111 0.11111111 0.11111111
0.11111111 0.11111111 0.11111111
0.11111111 0.11111111 0.11111111

gaussian blur
0.0625 0.125 0.0625
0.125 0.25 0.125
0.0625 0.125 0.0625

gauss
0.0625 0.125 0.0625
0.125 0.25 0.125
0.0625 0.125 0.0625

sharpen
0.0 -1.0 0.0
-1.0 5.0 -1.0
0.0 -1.0 0.0

wyostrz
0.0 -1.0 0.0
-1.0 5.0 -1.0
0.0 -1.0 0.0

laplace
-1.0 -1.0 -1.0
-1.0 8.0 -1.0
-1.0 -1.0 -1.0

krawędzie
-1.0 -1.0 -1.0
-1.0 8.0 -1.0
-1.0 -1.0 -1.0

sobel poziomy
-1.0 0.0 1.0
-2.0 0.0 2.0
-1.0 0.0 1.0

sobel h
-1.0 0.0 1.0
-2.0 0.0 2.0
-1.0 0.0 1.0

sobel pionowy
-1.0 -2.0 -1.0
0.0 0.0 0.0
1.0 2.0 1.0

sobel v
-1.0 -2.0 -1.0
0.0 0.0 0.0
1.0 2.0 1.0

roberts
0.0 0.0 0.0
0.0 1.0 0.0
0.0 0.0 -1.0

emboss
-2.0 -1.0 0.0
-1.0 1.0 1.0
0.0 1.0 2.0

płaskorzeźba
-2.0 -1.0 0.0
-1.0 1.0 1.0
0.0 1.0 2.0



